chr	snp	Marker	agpv2_pos	cm/mb	Sorted_Rank	Percentile
1	PZA01271.1	m0001	1963154	0.932	442	52.81100478
1	PZA03613.1	m0002	2941320	3.534	756	90.3708134
1	PZA02129.1	m0003	3733167	1.785	615	73.50478469
1	PZA02032.1	m0004	4446791	4.29	788	94.19856459
1	PHM2244.142	m0005	5589651	2.736	715	85.46650718
1	PZA02372.1	m0006	6234332	2.031	644	76.97368421
1	PHM6238.36	m0007	7193713	1.818	620	74.10287081
1	PZA00181.2	m0008	8351543	4.177	785	93.83971292
1	PZA00175.2	m0010	8558256	2.336	679	81.16028708
1	PZA00447.8	m0011	9052735	2.004	640	76.49521531
1	PZA02284.1	m0012	9302021	4.065	782	93.48086124
1	PZA00566.5	m0014	9484237	1.324	545	65.13157895
1	PZA00106.10	m0015	10096431	2.08	648	77.45215311
1	PZA00887.1	m0017	10961962	1.962	635	75.89712919
1	PZA03551.1	m0018	12248731	2.236	665	79.48564593
1	PZA01497.1	m0019	14639175	0.625	345	41.20813397
1	PZA01652.1	m0021	14959203	2.176	659	78.76794258
1	PZA02094.9	m0022	15775282	1.74	613	73.26555024
1	PZA02393.2	m0023	16581396	0.751	382	45.63397129
1	PZB00648.5	m0024	17660930	4.695	801	95.75358852
1	PZA01030.1	m0026	17746383	0.927	441	52.69138756
1	PZA00425.11	m0027	21468295	1.699	604	72.18899522
1	PHM13619.5	m0028	22253283	0.938	444	53.05023923
1	PZA02487.1	m0029	22595964	0.631	349	41.68660287
1	PHM4531.46	m0031	22892866	1.04	472	56.39952153
1	PZB01957.1	m0032	26202944	1.828	622	74.34210526
1	PZB02058.1	m0033	28421841	1.073	483	57.715311
1	PZA02490.1	m0034	32578218	1.244	523	62.5
1	PZA01348.1	m0035	34405561	0.605	334	39.8923445
1	PZA02271.1	m0039	38549611	1.029	469	56.04066986
1	PZA02195.1	m0040	39219412	0.926	440	52.57177033
1	PZA00240.6	m0041	41104295	0.346	224	26.73444976
1	PZA00962.1	m0043	43669240	1.335	546	65.25119617
1	PZA02376.1	m0044	44345232	0.685	362	43.24162679
1	PZA00081.18	m0047	45513415	1.283	535	63.9354067
1	PZA03183.5	m0049	45940239	1.055	476	56.87799043
1	PZB00872.3	m0050	46138524	0.659	356	42.52392344
1	PHM4913.18	m0051	50096448	0.661	357	42.64354067
1	PZA02292.1	m0052	51291743	2.786	717	85.70574163
1	PZA03168.5	m0053	51399258	1.223	516	61.66267943
1	PZA02737.1	m0054	53947111	0.267	170	20.27511962
1	PZA02550.1	m0055	55071238	0.2	124	14.77272727
1	PZA02114.1	m0056	56076331	1.044	474	56.63875598
1	PZB01062.3	m0057	56747253	0.505	290	34.6291866
1	PZA03561.1	m0058	60146795	0.503	289	34.50956938
1	PZA01476.1	m0060	61143070	0.296	190	22.66746411
1	PZA00294.22	m0061	63891892	0.732	379	45.27511962
1	PHM5098.25	m0063	67646946	0.508	293	34.98803828
1	PZA01267.3	m0064	77242690	0.316	200	23.86363636
1	PZA00752.1	m0065	82019775	0.568	316	37.73923445
1	PZA01135.1	m0066	83780725	0.268	171	20.39473684
1	PZA03240.1/2	m0067	88342183	0.592	329	39.29425837
1	PZA03465.1	m0068	88849284	0.456	268	31.99760766
1	PHM9418.11	m0071	97678287	0.123	86	10.22727273
1	PZA02763.1	m0072	102584146	0.152	98	11.66267943
1	PZA00939.1	m0074	107187523	0.061	38	4.485645933
1	PZA02070.1	m0076	115408720	0.042	26	3.050239234
1	csu1138.3/4	m0077	120194644	0.01	3	0.299043062
1	PZA02577.1	m0078	148458078	0.59	325	38.81578947
1	PZA03200.2	m0079	148627884	0.137	93	11.0645933
1	PZA02741.1	m0080	161027952	0.11	77	9.150717703
1	PZA02135.2	m0081	166710816	0.324	209	24.94019139
1	an1.5	m0082	175642801	0.368	235	28.05023923
1	PZA00455.14/16	m0083	179989129	0.473	276	32.95454545
1	PZA02191.1	m0084	182538809	0.555	313	37.38038278
1	PHM1968.22	m0085	183802036	4.35	790	94.43779904
1	PZA00068.1	m0086	183986082	0.389	241	28.76794258
1	PZA03531.1	m0087	184243434	0.803	400	47.78708134
1	PZA00619.3	m0088	195557990	0.998	462	55.20334928
1	PZA02467.10	m0089	197074650	1.168	503	60.1076555
1	PZA03074.27	m0090	201486994	0.69	363	43.36124402
1	PZA01216.1	m0091	203587826	0.571	317	37.85885167
1	PZA00131.15	m0092	203947082	0.123	85	10.1076555
1	PHM5480.17	m0094	204758132	0.963	452	54.00717703
1	PZA01019.1	m0096	208733347	0.829	408	48.74401914
1	PZA03194.1	m0097	212843739	1.596	587	70.15550239
1	PZA02014.3	m0100	213152330	0.777	393	46.94976077
1	PZA03265.3	m0102	215340335	0.779	394	47.06937799
1	PHM6043.19	m0103	217524979	0.4	248	29.60526316
1	PHM15871.11	m0105	223034951	1.733	611	73.02631579
1	PZA02117.1	m0107	224078702	1.236	521	62.26076555
1	PZA00658.21	m0108	225130631	0.669	359	42.88277512
1	PZA02823.1	m0109	227227502	0.13	90	10.70574163
1	PHM2478.22	m0110	227437189	0.92	435	51.97368421
1	PZA00664.3	m0112	228195041	1.685	602	71.94976077
1	umc128.2	m0113	228254601	1.357	548	65.49043062
1	PZA02186.1	m0114	228563313	0.764	385	45.99282297
1	PZA03001.15	m0115	231701106	0.394	244	29.12679426
1	PZA00381.4	m0117	238343143	0.579	321	38.33732057
1	PZA03301.2	m0118	241298148	0.517	298	35.5861244
1	PZA03064.6	m0120	249417407	2.512	694	82.95454545
1	PZA03404.1	m0122	253029622	0.52	300	35.82535885
1	PZA02269.3/4	m0123	253639016	0.805	403	48.14593301
1	kip1.3	m0125	256513832	0.599	333	39.77272727
1	PHM14475.7	m0126	257186525	0.855	418	49.94019139
1	glb1.2	m0127	258363576	2.036	645	77.09330144
1	PZA01588.1	m0128	259375688	0.499	287	34.27033493
1	PZA00339.4	m0129	261177751	0.098	68	8.074162679
1	PZA01921.20/19	m0130	262168484	0.916	434	51.85406699
1	PHM5526.25	m0131	262720121	1.041	473	56.51913876
1	PZA02985.5	m0132	263200803	0.266	169	20.15550239
1	PZA03457.1	m0133	263603731	0.796	398	47.54784689
1	PZB00008.1	m0134	269324476	0.368	236	28.16985646
1	PZA02278.1	m0137	270965149	0.777	392	46.83014354
1	PZA02698.3	m0138	273305618	1.161	500	59.74880383
1	PZA00030.11	m0139	276209660	1.434	559	66.8062201
1	PZB00114.1	m0141	276994364	0.151	97	11.5430622
1	PZA01978.23	m0142	277601629	1.075	484	57.83492823
1	PZA02204.1	m0143	279682238	2.1	651	77.81100478
1	PZA00610.16	m0144	281206812	2.18	660	78.88755981
1	PZA03188.3	m0145	281709021	1.092	486	58.07416268
1	PZA02957.5	m0146	282796367	0.54	310	37.0215311
1	PZA00978.1	m0148	284010510	0.887	426	50.89712919
1	PZA02087.2	m0150	285137381	1.708	606	72.42822967
1	PZA00245.20	m0151	285522257	1.913	628	75.05980861
1	PHM18705.23	m0152	285650152	0.846	414	49.46172249
1	PZB01403.1	m0153	286359263	1.457	563	67.284689
1	PZA00894.7	m0154	286977415	4.677	800	95.63397129
1	PZA03037.2	m0155	287063457	0.902	430	51.37559809
1	PZA03305.7/1	m0156	287728718	1.724	609	72.78708134
1	PZB01227.6	m0157	289547937	1.352	547	65.3708134
1	PZA02044.1	m0158	291862723	2.805	720	86.0645933
1	PZA00307.14	m0159	293041693	1.841	624	74.58133971
1	PZA00276.18	m0160	293150895	1.709	607	72.54784689
1	PZA00991.2	m0161	293627565	3.566	758	90.61004785
1	PZA00235.9	m0162	293795952	0.774	391	46.71052632
1	PZA00623.3	m0163	294729469	0.728	377	45.03588517
1	PZA02359.10	m0164	295018337	6.568	824	98.50478469
1	PZA01238.1/2	m0166	295450436	0.724	376	44.91626794
1	PZA01068.1	m0167	295588573	1.722	608	72.66746411
1	PZA00343.31	m0168	295762684	3.101	734	87.73923445
1	PHM1275.22	m0169	296021192	1.589	585	69.91626794
1	PZA00856.2	m0170	296905665	1.496	574	68.60047847
1	PZA01239.2	m0172	297974901	2.169	657	78.52870813
1	PZA01807.1	m0173	298436178	0.784	395	47.18899522
1	PZA00432.4	m0174	298689673	0.39	243	29.00717703
2	PHM5817.15	m0176	1269352	4.514	795	95.03588517
2	PHM1511.14	m0179	2496439	2.249	667	79.72488038
2	PZA02681.8	m0183	2807845	1.461	565	67.52392344
2	PZA00902.1	m0185	3081671	3.057	731	87.38038278
2	PZA02264.5	m0186	3180038	6.711	826	98.74401914
2	PZB01233.1	m0187	3388767	6.886	829	99.10287081
2	PZA01211.1	m0188	3606091	2.57	701	83.79186603
2	PZA00172.12	m0189	4190118	3.802	771	92.16507177
2	PZA02208.1	m0191	5832980	5.64	818	97.78708134
2	PZA02081.1	m0192	5925823	2.193	662	79.12679426
2	PZA01935.10	m0193	6474554	3.09	733	87.61961722
2	PZA03747.1	m0194	7516507	2.594	703	84.03110048
2	PZB00901.3/4	m0196	9446909	1.161	502	59.98803828
2	PZA02272.3	m0197	9962933	3.122	736	87.9784689
2	PHM5822.15	m0198	10516660	3.028	729	87.14114833
2	zfl2.9	m0199	12644166	1.942	632	75.53827751
2	PZA00108.4	m0200	13851652	2.058	646	77.21291866
2	PZA01753.1	m0201	14836855	1.19	508	60.70574163
2	PZA02337.4	m0202	15580132	0.993	460	54.96411483
2	PZA03559.1	m0203	15890017	2.699	710	84.86842105
2	PZA02417.2	m0204	18075169	1.14	494	59.03110048
2	PZA00497.4	m0205	19917977	4.879	804	96.11244019
2	PZA03228.4	m0206	20122898	1.034	471	56.27990431
2	PZA03634.1	m0207	21285732	1.651	600	71.71052632
2	PHM6111.5	m0208	22068777	0.486	282	33.6722488
2	PZA01879.1	m0210	22275514	2.142	654	78.16985646
2	PZA03142.5	m0211	22999224	1.032	470	56.16028708
2	PZA02080.1	m0212	24813866	0.203	128	15.25119617
2	PZA01755.1	m0214	25310110	0.742	380	45.39473684
2	PZA03568.1	m0215	27869268	2.094	649	77.57177033
2	PZA01374.1	m0216	28394927	1.057	477	56.99760766
2	PHM4586.12	m0217	29679728	0.312	198	23.62440191
2	PZA01336.1	m0218	30906065	0.529	304	36.30382775
2	PZA02058.1	m0219	32447743	0.516	297	35.46650718
2	PZA02378.7	m0220	34567551	0.658	355	42.40430622
2	PZA02496.1	m0222	40349138	0.482	280	33.43301435
2	PZB00183.4	m0224	43558423	0.274	178	21.23205742
2	PZA02450.1	m0225	47158891	0.526	303	36.18421053
2	PZA01820.1	m0226	48109181	0.63	348	41.56698565
2	PZA02774.1	m0227	48665321	0.305	196	23.38516746
2	PZA03629.1	m0228	51820222	0.179	117	13.9354067
2	PZA00635.7	m0230	59764721	0.145	95	11.30382775
2	PZA02279.1	m0231	60416908	0.478	277	33.07416268
2	PHM3457.6	m0232	62925488	0.056	37	4.366028708
2	PZA01902.1	m0234	93130728	0.011	4	0.418660287
2	PHM13360.13	m0235	110826138	0.043	27	3.169856459
2	PZA00485.2	m0238	124057780	0.068	43	5.083732057
2	PHM3626.3	m0239	128406788	0.127	88	10.46650718
2	PZA02626.1	m0240	147310459	0.186	120	14.29425837
2	PZA03211.6	m0242	151638671	0.169	111	13.21770335
2	PZA01280.2	m0243	152235728	0.321	206	24.58133971
2	PZA01537.2	m0244	153794103	0.102	71	8.433014354
2	PZA01232.1	m0245	158675079	0.133	92	10.94497608
2	PZA02465.1	m0247	164723190	0.112	78	9.270334928
2	PZA01321.1	m0248	167417879	0.235	148	17.64354067
2	PZA02371.6	m0249	168707481	0.243	154	18.36124402
2	PZA03692.1	m0250	169540624	0.318	203	24.22248804
2	PZA01638.1	m0251	171736973	0.098	67	7.954545455
2	PZA03644.1	m0255	173781914	0.453	266	31.75837321
2	vdac1a.1	m0256	176646590	0.627	347	41.44736842
2	PZA00224.4	m0258	178879539	0.837	411	49.10287081
2	PZA03184.2	m0259	182727562	0.715	374	44.67703349
2	PZA01735.1	m0260	184692191	1.269	532	63.57655502
2	PZA03529.1	m0262	189447059	1.962	636	76.01674641
2	PZA02890.4	m0263	190159942	0.893	427	51.01674641
2	PHM3055.9	m0264	195523744	1.147	498	59.50956938
2	PZA00824.2	m0265	196899634	0.513	295	35.22727273
2	PHM3668.12	m0266	198455083	0.358	231	27.57177033
2	PZA02017.1	m0267	198722945	0.96	451	53.88755981
2	PHM7953.11	m0268	198859433	3.248	746	89.17464115
2	PZA00803.3	m0269	198900736	0.541	311	37.14114833
2	PZA02731.1	m0270	200086659	0.174	115	13.69617225
2	PHM16125.47	m0271	202311625	0.622	341	40.72966507
2	PHM14412.4	m0273	202955053	0.972	453	54.12679426
2	PZA03165.1	m0274	205035850	1.216	513	61.30382775
2	PZA02077.1	m0276	209497851	1.226	518	61.90191388
2	PZA01885.2	m0277	209833930	1.29	537	64.17464115
2	PZA02964.7	m0279	211288247	2.444	684	81.75837321
2	PZA03602.1	m0281	212537417	1.127	491	58.6722488
2	PZA02456.1	m0282	213948425	1.559	581	69.43779904
2	PZA00804.1	m0283	215089816	1.258	527	62.9784689
2	PZA02680.1	m0284	216686712	1.441	561	67.04545455
2	PZA02471.5	m0285	217651706	1.14	495	59.1507177
2	PZA00527.10	m0287	219860208	1.788	616	73.62440191
2	PZA02012.7	m0288	222158972	0.394	245	29.24641148
2	PZA02453.1	m0289	222601043	1.973	637	76.13636364
2	PZA00163.4	m0290	223310842	1.187	506	60.46650718
2	PZA02564.2	m0292	223975807	0.894	428	51.13636364
2	PZB01013.1	m0293	225305968	0.981	457	54.60526316
2	PZA01895.1	m0295	228872983	2.489	688	82.23684211
2	PZA01352.5	m0296	229478174	0.952	449	53.64832536
2	PZA02727.1	m0297	230934520	2.722	713	85.22727273
2	PZA02170.1	m0298	234211936	1.733	610	72.90669856
2	PHM3094.23	m0299	234722573	2.256	670	80.08373206
3	PZA00309.1	m0303	1298537	5.175	812	97.06937799
3	PZA01934.6	m0362	3774749	0.32	204	24.34210526
3	PZA02090.1	m0304	4189821	4.664	799	95.51435407
3	PZD00038.2	m0305	4862341	4.662	798	95.39473684
3	PZA02678.1	m0306	5439342	1.618	594	70.99282297
3	PZA00100.10	m0307	5673891	7.456	832	99.46172249
3	PZA03527.1	m0309	5985118	3.63	762	91.08851675
3	PZA03212.3	m0310	6739219	1.608	592	70.75358852
3	PZA00749.1	m0311	6926974	2.906	725	86.66267943
3	PZA02098.2	m0313	8300032	2.686	708	84.6291866
3	PZA01765.1	m0314	9806074	2.003	639	76.37559809
3	PZA00508.2	m0315	12132551	1.293	538	64.29425837
3	PHM4145.18	m0317	21368486	0.655	354	42.284689
3	PZA02427.1	m0318	24353398	0.326	210	25.05980861
3	PHM2343.25	m0319	28334398	0.526	302	36.0645933
3	PZA00210.1/9	m0320	30057203	0.2	125	14.8923445
3	PZA03054.5	m0321	32026168	0.259	163	19.43779904
3	PZA01473.1	m0322	32411529	0.271	175	20.87320574
3	PZA00348.11	m0323	32780218	0.118	81	9.629186603
3	zb21.1	m0325	37869282	0.079	53	6.279904306
3	PZA03070.9	m0330	44223657	0.082	57	6.758373206
3	PZA00581.3	m0332	49148251	0.123	87	10.34688995
3	PZA00279.2	m0333	53145713	0.268	172	20.51435407
3	PHM15474.5	m0334	53890683	0.345	222	26.49521531
3	PZA03119.1	m0336	54469324	0.093	63	7.476076555
3	PZA02589.1	m0337	57656677	0.165	106	12.61961722
3	PZA00509.1	m0339	58294211	0.034	21	2.45215311
3	PZA02699.1	m0341	64615276	0.033	20	2.332535885
3	PZA02134.3	m0342	67695082	0.277	179	21.35167464
3	PHM5502.31	m0343	68056867	0.003	1	0.059808612
3	PZA02742.1	m0344	80620590	0.022	14	1.614832536
3	PZA02645.2	m0345	93184314	0.069	45	5.322966507
3	PZA00707.9	m0346	114435699	0.086	62	7.35645933
3	PZA02619.1	m0347	123862971	0.214	135	16.08851675
3	PZA03198.3	m0348	127614563	0.232	145	17.284689
3	PHM15449.10	m0349	128792708	0.08	55	6.519138756
3	PZA02299.16	m0351	131707225	0.284	185	22.06937799
3	PZA00363.7	m0352	135907308	0.466	273	32.59569378
3	PZD00016.4	m0353	137228933	0.212	134	15.96889952
3	PHM1745.16	m0356	143898953	0.109	76	9.031100478
3	PZA00920.1	m0358	146643988	1.065	480	57.35645933
3	PHM890.20	m0359	147676950	0.327	211	25.17942584
3	PZB02044.1	m0360	148289200	0.105	73	8.672248804
3	PZB02122.1	m0361	149241189	0.352	229	27.33253589
3	PZA00827.1	m0364	156790687	0.707	371	44.31818182
3	PZA00948.1	m0365	158513710	1.323	543	64.8923445
3	PZB02179.1	m0366	158890320	0.977	456	54.48564593
3	PHM9914.11	m0368	161257992	0.921	436	52.09330144
3	PZA00667.2	m0369	162743863	0.482	279	33.31339713
3	PZA01396.1	m0370	166377572	1.138	493	58.91148325
3	PHM4621.57	m0371	167371830	3.934	775	92.64354067
3	PHM2885.31	m0373	167473009	0.748	381	45.51435407
3	PZA03073.28/26	m0374	170110383	1.28	534	63.81578947
3	PZA02402.1	m0377	171444374	0.691	364	43.48086124
3	PZA03032.19	m0378	173016068	0.438	260	31.04066986
3	PZA00783.1	m0379	173473417	0.843	413	49.34210526
3	PZA02212.1	m0381	176295169	1.468	566	67.64354067
3	PZA01962.12	m0382	179995065	0.184	118	14.05502392
3	PZA02654.3	m0384	180504690	1.596	588	70.27511962
3	PHM1675.29	m0385	182088805	0.864	421	50.29904306
3	PZA03647.1	m0390	187033190	1.046	475	56.75837321
3	PZA00494.2	m0391	187930027	0.625	344	41.08851675
3	PZA01228.2	m0392	191612808	0.677	361	43.12200957
3	PHM824.17	m0393	192221844	0.071	46	5.442583732
3	PZA03743.1	m0394	193609860	0.537	309	36.90191388
3	PHM13673.53	m0396	194012127	0.451	264	31.51913876
3	PZA03255.1	m0397	195315915	1.484	570	68.12200957
3	PZB01109.1	m0398	196440788	0.262	164	19.55741627
3	PZA01035.1	m0399	197247713	0.637	350	41.8062201
3	PZA00308.24	m0400	197948162	0.442	262	31.27990431
3	PZA01457.1	m0401	198683470	1.078	485	57.95454545
3	PZA02122.9	m0402	199624131	0.882	423	50.53827751
3	PZA01501.1	m0403	201095695	2.279	674	80.56220096
3	PZA00892.5	m0404	201685053	0.605	335	40.01196172
3	PZA03154.4	m0405	204153246	2.097	650	77.69138756
3	PZA02733.1	m0406	205107723	1.288	536	64.05502392
3	PZA00538.18/15	m0407	208473067	2.016	642	76.73444976
3	PZA02516.1	m0408	209735573	1.161	501	59.86842105
3	PZA02616.1	m0409	211720827	1.248	524	62.61961722
3	PZB01457.1	m0410	214279602	2.456	685	81.87799043
3	PZA03146.4	m0411	215849898	1.225	517	61.78229665
3	sh2.21	m0412	216417210	1.401	556	66.44736842
3	PZA00750.1	m0413	217421513	8.723	833	99.58133971
3	PZA01154.1	m0414	217695689	2.347	680	81.27990431
3	PZA02665.2	m0416	218191148	0.284	184	21.94976077
3	PZA02824.4	m0419	218898830	2.024	643	76.85406699
3	PZA02668.2	m0420	219697823	1.264	529	63.21770335
3	PHM2672.19	m0421	221436056	2.239	666	79.60526316
3	PZA00402.1	m0424	223179497	2.302	675	80.68181818
3	PZA00316.10	m0425	225099466	1.275	533	63.69617225
3	PZA01688.3	m0426	225308118	3.553	757	90.49043062
3	PZA01360.3	m0428	225454289	2.523	696	83.1937799
3	PZA02182.1	m0429	225766852	1.601	590	70.51435407
3	PHM2423.33	m0430	229252099	2.468	686	81.99760766
3	PZA00088.3	m0431	230181537	1.418	557	66.56698565
4	PHM2438.28	m0436	3890893	3.408	752	89.8923445
4	PHM3301.28	m0437	5882845	2.565	700	83.6722488
4	PZA00436.7	m0438	6408499	3.316	747	89.29425837
4	PZA00683.4	m0439	6601333	1.249	525	62.73923445
4	PZA00975.1	m0440	9759854	3.572	759	90.72966507
4	PZA02358.1	m0441	11389227	4.175	784	93.72009569
4	PZA02138.1	m0442	11916439	0.131	91	10.82535885
4	PZA01122.1	m0443	12609493	1.995	638	76.25598086
4	PZA02385.6	m0444	15299213	0.591	326	38.9354067
4	PHM8527.2	m0445	17330826	1.269	531	63.4569378
4	PZA00139.4	m0446	20200808	0.862	420	50.17942584
4	PZA01422.3	m0447	24613495	0.39	242	28.88755981
4	PZA02002.1	m0449	28980120	0.537	308	36.78229665
4	PHM15427.11	m0451	34019211	0.589	324	38.69617225
4	PZA01106.3	m0453	35217409	0.298	191	22.78708134
4	PZA03385.1	m0459	37230464	2.548	698	83.43301435
4	PZA01751.2	m0460	37348608	0.12	82	9.748803828
4	PZA00445.22	m0461	49917660	0.019	8	0.897129187
4	PZA01759.1	m0462	53078735	0.068	44	5.203349282
4	bt2.7/4	m0466	58957422	0.029	16	1.854066986
4	PZA03254.1	m0467	65820374	0.094	64	7.59569378
4	PZA03597.1	m0469	66909481	0.106	74	8.791866029
4	PZA03270.2	m0470	68796507	0.035	23	2.69138756
4	PZA00218.1	m0471	71640363	0.242	152	18.12200957
4	PZA02767.1	m0472	72052851	0.067	41	4.844497608
4	PZA03564.1	m0473	79448096	0.117	80	9.509569378
4	PZA03203.2	m0474	82893043	0.083	58	6.877990431
4	PZA00104.1	m0475	86504397	0.019	12	1.375598086
4	PZA03231.1	m0476	96807714	0.021	13	1.495215311
4	PZB00093.7	m0477	123980124	0.051	34	4.007177033
4	PZA03409.1	m0478	129817994	0.049	32	3.767942584
4	fea2.3	m0480	133663063	0.064	39	4.605263158
4	PZA03459.1	m0482	135157951	0.176	116	13.81578947
4	PZA02147.1	m0483	144840177	0.387	239	28.52870813
4	PZA03152.3	m0484	147915924	0.079	51	6.040669856
4	PZA02992.15	m0486	150464488	0.715	373	44.55741627
4	PZA00057.2	m0487	155907930	1.265	530	63.33732057
4	PZA01926.1	m0488	159073222	0.698	368	43.95933014
4	PZA03116.1	m0489	166911503	3.227	744	88.9354067
4	PZA00453.2	m0490	167190374	0.301	193	23.02631579
4	PZA01289.1	m0491	170517844	1.397	555	66.3277512
4	PHM3155.14	m0492	171376858	1.92	630	75.29904306
4	PZA00271.1	m0493	172522625	1.455	562	67.16507177
4	PZA01477.3	m0494	173210249	3.121	735	87.85885167
4	PZA01681.1	m0496	173306335	1.625	595	71.11244019
4	PZA03275.4/1	m0497	175337293	1.204	510	60.94497608
4	PZA01187.1	m0498	178580488	5.164	811	96.94976077
4	PZD00030.2	m0499	178889832	1.122	490	58.55263158
4	PHM3637.14	m0500	180672091	0.884	424	50.65789474
4	PZA01976.9	m0501	180785427	0.912	432	51.61483254
4	PZA02194.1	m0502	181223123	1.424	558	66.68660287
4	PZA01766.1	m0504	184547096	0.523	301	35.94497608
4	PZA01954.1	m0505	185310989	1.852	625	74.70095694
4	PZA00941.2	m0506	186483560	0.105	72	8.552631579
4	PZA00344.10	m0507	187355764	1.459	564	67.40430622
4	PZB01461.1	m0508	188385744	0.457	270	32.23684211
4	PZA00332.5	m0509	189042036	0.753	383	45.75358852
4	PHM4348.16	m0510	191767453	0.939	445	53.16985646
4	PZA00193.2	m0511	192205587	0.304	195	23.26555024
4	PZA01790.1	m0512	196513728	0.471	275	32.83492823
4	PZA03205.1	m0513	197072849	0.452	265	31.63875598
4	PZA01810.2	m0514	198078892	0.501	288	34.38995215
4	PZA01566.1	m0515	199076697	0.302	194	23.14593301
4	PZA02421.1	m0516	199784925	0.263	165	19.67703349
4	PZA02614.2	m0517	200539283	0.432	257	30.68181818
4	PZA02779.1	m0518	201462955	0.242	151	18.00239234
4	PZA01332.2	m0519	207265372	0.12	83	9.868421053
4	PZA03081.1	m0520	209799999	0.218	138	16.44736842
4	PZB01021.1	m0521	210690738	0.34	219	26.13636364
4	PZA02479.1	m0522	212747880	0.079	54	6.399521531
4	PZA00155.1	m0523	215267112	0.519	299	35.70574163
4	PZA03155.3	m0524	216608367	0.065	40	4.724880383
4	PZA00636.7	m0525	221270556	0.342	220	26.25598086
4	PZA00521.3	m0528	229180768	0.904	431	51.49521531
4	PZA00694.6	m0529	230190074	1.476	568	67.88277512
4	PZA02151.3	m0530	231727757	0.411	251	29.96411483
4	PZA00513.1	m0531	232940724	1.024	468	55.92105263
4	PHM5599.20	m0532	233627802	0.923	438	52.33253589
4	PZA02585.2	m0533	233845017	3.574	760	90.8492823
4	PHM5665.26	m0534	235165979	2.514	695	83.07416268
4	PHM2100.21	m0536	236111113	4.051	781	93.36124402
4	PZA03322.5/3	m0537	236407581	4.088	783	93.60047847
4	PHM4125.11	m0538	236701272	3.88	773	92.40430622
4	PZA03598.1	m0539	238320489	6.651	825	98.62440191
4	PZA01905.12	m0540	238471063	2.367	681	81.39952153
4	PZA02239.12	m0541	239099604	5.89	820	98.02631579
4	PZA00682.17/2	m0542	239370777	10.74	835	99.82057416
5	PZA01887.1	m0544	656148	0.485	281	33.55263158
5	PZA02367.1	m0545	862416	2.714	712	85.1076555
5	PZA00818.1	m0547	1047387	2.691	709	84.74880383
5	PZA00191.5	m0548	2120221	6.533	823	98.38516746
5	PZA01438.1	m0549	2707750	4.399	791	94.55741627
5	PZA02316.22	m0550	3095821	3.944	776	92.76315789
5	PHM5359.10	m0551	3396978	5.077	809	96.71052632
5	PZA01570.1	m0552	3538875	3.652	764	91.3277512
5	PHM13122.43	m0553	4201060	5.097	810	96.83014354
5	PZA02653.12	m0554	5928250	3.654	765	91.44736842
5	PZA02462.1	m0555	6859778	2.258	672	80.32296651
5	PZB00054.3	m0556	7125684	11.509	836	99.94019139
5	PZA02753.1	m0557	7256175	3.332	749	89.53349282
5	PHM3137.17	m0558	7527027	4.042	780	93.24162679
5	PZA02029.21	m0560	7996528	0.156	103	12.26076555
5	PZA01925.1	m0562	8508510	0.588	323	38.57655502
5	PZA00865.1	m0563	9329640	2.319	677	80.92105263
5	PZB00079.4	m0564	11782941	5.546	816	97.54784689
5	PZA01284.6	m0565	12036037	2.15	655	78.28947368
5	PZA00112.5	m0567	13721672	3.784	769	91.92583732
5	PZA00985.1	m0568	14060419	2.512	693	82.83492823
5	PZA01327.1	m0569	15138119	1.389	553	66.08851675
5	PZA01523.1	m0571	16320695	0.984	459	54.84449761
5	PZA00517.7	m0572	18348509	0.974	454	54.24641148
5	PZA03226.3	m0573	20199664	0.595	330	39.4138756
5	PZA02792.26/25	m0575	21892886	1.319	542	64.77272727
5	PZA01427.1	m0576	23265300	0.271	174	20.75358852
5	PHM565.31	m0577	24378385	0.378	237	28.28947368
5	PZA00934.2	m0578	30750567	0.572	318	37.9784689
5	PZA02113.1	m0579	30994484	0.853	416	49.70095694
5	PZA00801.1	m0580	32227047	0.239	150	17.88277512
5	PZB00869.4	m0581	33052110	0.429	256	30.56220096
5	PZA01563.1	m0582	33285056	0.201	126	15.01196172
5	PZA00499.3	m0584	35276907	0.123	84	9.988038278
5	PZA00981.3	m0586	37720441	0.068	42	4.964114833
5	PHM12992.5	m0590	39192429	0.206	130	15.49043062
5	PZA02207.1	m0591	49897470	0.205	129	15.3708134
5	PZA00805.1	m0592	58202730	0.235	147	17.52392344
5	PZA00522.12/7	m0593	58603559	0.311	197	23.50478469
5	PZA00222.7	m0595	59271817	0.553	312	37.26076555
5	PHM1870.20	m0596	60002398	0.259	162	19.31818182
5	PZA02676.2	m0598	60774480	0.336	217	25.89712919
5	PZB01115.3	m0599	61672051	0.227	142	16.92583732
5	PHM3171.5	m0600	62113519	0.199	123	14.65311005
5	PZB00232.2	m0601	64119272	0.172	112	13.33732057
5	PHM4165.14	m0603	66431937	0.224	141	16.8062201
5	PZB01112.1	m0604	69119630	0.445	263	31.39952153
5	PZA01349.2	m0605	70028590	1.373	550	65.72966507
5	PZA02525.1	m0606	70044163	0.235	146	17.40430622
5	PZA03677.1	m0607	71845163	0.076	49	5.801435407
5	PZA01303.1	m0609	73132746	0.283	183	21.83014354
5	PZA00261.6	m0610	75935660	0.286	186	22.18899522
5	PZA02818.6	m0612	78382179	0.169	110	13.09808612
5	PZA01779.1	m0613	81950336	0.282	182	21.71052632
5	PZA00273.5	m0614	84064866	0.152	99	11.78229665
5	PZA03049.24	m0616	89318174	0.08	56	6.638755981
5	PZA00643.13	m0617	91814175	0.044	30	3.528708134
5	PZA00881.1	m0618	98651459	0.031	19	2.21291866
5	PZA01365.1	m0620	140093904	0.209	132	15.72966507
5	PZA00067.10	m0621	145869341	0.155	102	12.14114833
5	PZB01017.1	m0622	158686956	0.53	306	36.5430622
5	PZA01608.1	m0623	159288407	0.464	272	32.47607656
5	PZA01796.1	m0624	160989981	0.333	215	25.65789474
5	PZA00148.3	m0625	164727639	0.67	360	43.00239234
5	PZA02981.2	m0626	167064846	0.924	439	52.45215311
5	ae1.8/7	m0627	168457620	0.488	284	33.91148325
5	PZA01763.2	m0628	168673498	1.065	481	57.47607656
5	PZA02641.2	m0629	169578593	1.258	528	63.09808612
5	PZA00255.14	m0632	170416093	0.958	450	53.76794258
5	PZA02040.2	m0633	172095659	0.333	216	25.77751196
5	PZA00300.14	m0634	172395199	1.109	488	58.31339713
5	PZA00987.1	m0635	172937146	0.221	139	16.56698565
5	PZA01410.1	m0636	173389286	1.116	489	58.43301435
5	PZA03717.1	m0637	176216642	0.608	337	40.25119617
5	PZA01304.1	m0639	179195391	0.804	402	48.02631579
5	PZA02633.4	m0641	180737094	0.868	422	50.41866029
5	PZA02408.2	m0642	181197503	0.237	149	17.76315789
5	PZA03324.1	m0646	182040351	0.277	180	21.47129187
5	PZA01575.1	m0647	183121294	1.644	599	71.59090909
5	PZA03452.6	m0648	183607971	1.152	499	59.6291866
5	PZA03172.3	m0649	188967651	0.706	370	44.19856459
5	PZA02383.1	m0650	189805227	0.794	397	47.42822967
5	PZA02751.1	m0652	190687917	0.981	458	54.72488038
5	PZA03320.6	m0653	190746502	0.591	327	39.05502392
5	PZA00352.23	m0654	191590719	1.764	614	73.38516746
5	PZA02426.1	m0655	192167921	0.439	261	31.16028708
5	PZA02411.3	m0656	192848761	0.453	267	31.87799043
5	PHM532.23	m0657	193730972	0.831	410	48.98325359
5	PZA00652.17	m0658	199226793	1.303	541	64.65311005
5	PZA03024.16	m0659	199380293	0.556	314	37.5
5	PZA01142.4	m0660	200552003	1.499	575	68.72009569
5	PZA02820.17	m0661	201667249	0.613	338	40.3708134
5	PZA01265.1	m0662	201993308	1.062	478	57.11722488
5	PZB00765.1	m0663	203037180	0.596	332	39.65311005
5	PZA02060.1	m0664	203205315	0.915	433	51.73444976
5	PZA02513.1	m0665	203314769	1.227	519	62.0215311
5	PZA02667.1	m0666	203625112	2.891	723	86.42344498
5	PZA00395.2	m0667	203732474	3.651	763	91.20813397
5	PZA00980.1	m0670	204909284	1.906	627	74.94019139
5	PZA02068.1	m0671	205308574	3.244	745	89.05502392
5	PZA00545.26	m0672	207708797	2.251	669	79.96411483
5	PZA02015.11	m0673	208270391	2.156	656	78.40909091
5	PZA03167.5	m0674	208350299	3.714	766	91.56698565
5	PZA01259.1	m0675	208745928	0.822	407	48.62440191
5	PZA01680.3	m0676	209682546	3.62	761	90.96889952
5	PZA00836.1	m0677	211177741	4.188	786	93.95933014
5	PZA01140.1	m0678	212240868	2.265	673	80.44258373
5	PZA02390.1	m0679	212682814	4.66	797	95.27511962
5	PZA02480.1	m0680	215833640	1.81	619	73.98325359
5	PZA02769.1	m0681	216442657	0.108	75	8.911483254
6	PHM15961.13	m0683	9498146	1.135	492	58.79186603
6	PZA00158.2	m0684	24611553	0.265	168	20.03588517
6	PZA03047.12	m0685	31412258	0.128	89	10.5861244
6	PZA00440.15/1	m0686	32969740	0.258	161	19.19856459
6	PZA02948.24	m0687	35896207	0.052	35	4.126794258
6	PZA01901.1	m0689	38269597	0.097	66	7.83492823
6	PZA01509.1	m0690	39370507	0.019	11	1.255980861
6	PZA03120.1	m0691	57538273	0.144	94	11.18421053
6	PZA01527.1	m0692	58264144	0.101	70	8.313397129
6	PZA01425.2	m0693	78199931	0.255	160	19.07894737
6	PZA00355.2	m0694	79915132	0.113	79	9.389952153
6	PZA00543.12	m0696	81693128	0.314	199	23.74401914
6	PZA03069.8/4	m0697	82967404	0.387	240	28.64832536
6	PZA02606.1	m0698	83229419	0.385	238	28.40909091
6	PZD00072.2	m0699	84787343	0.481	278	33.1937799
6	PZB01009.2/1	m0700	85797338	0.435	259	30.92105263
6	PHM2551.31	m0701	86257854	0.814	405	48.38516746
6	PHM8909.12	m0703	92994856	0.896	429	51.25598086
6	PZA03488.1	m0705	95604950	0.841	412	49.22248804
6	PZA00942.2	m0706	102411759	2.318	676	80.80143541
6	PZB01658.1	m0707	102823165	1.023	467	55.80143541
6	PZA03461.1	m0708	110606988	1.249	526	62.85885167
6	PZA01029.1	m0709	113885960	0.187	121	14.4138756
6	PZA01589.2	m0712	117104582	1.323	544	65.01196172
6	PZA01736.1	m0713	118087791	0.577	320	38.21770335
6	PZA00382.17	m0714	118604616	0.531	307	36.66267943
6	PZA01055.1	m0715	120020457	0.322	208	24.82057416
6	PZA00571.1	m0717	120640847	0.331	214	25.53827751
6	PZA01729.1	m0718	123748714	0.49	286	34.1507177
6	PZA00473.5	m0720	124146768	0.566	315	37.61961722
6	PZA01591.1	m0721	124805125	0.35	227	27.09330144
6	PZA01552.1	m0722	129703454	1.39	554	66.20813397
6	PZB00414.2	m0724	131157670	0.768	388	46.35167464
6	PZA01884.1	m0725	132064240	0.772	390	46.59090909
6	PZA00357.19	m0726	134461937	0.23	143	17.04545455
6	PZA02328.5	m0728	137079554	0.486	283	33.79186603
6	PZA02187.1/2	m0729	138931531	0.349	225	26.85406699
6	PZA02478.7	m0730	140913988	0.651	352	42.04545455
6	PZA02673.1	m0731	142454079	0.489	285	34.03110048
6	PZA02148.1	m0732	143696195	0.345	223	26.61483254
6	PZB00942.1	m0733	144565746	0.831	409	48.86363636
6	PZA03102.9	m0735	145649075	0.977	455	54.36602871
6	PZA02247.1	m0736	146378553	1.184	505	60.34688995
6	PHM11985.27	m0737	147224252	0.694	365	43.60047847
6	PZA01144.1	m0738	147656353	1.943	633	75.65789474
6	PZA01342.2	m0739	148634319	0.885	425	50.77751196
6	PZA02436.1	m0740	149086859	1.64	598	71.47129187
6	PZA01672.1	m0741	154345567	1.808	618	73.86363636
6	PZA01462.1	m0742	155224898	2.549	699	83.55263158
6	PZA03027.12	m0743	156520755	7.371	831	99.34210526
6	PHM5794.13	m0744	156592745	1.556	579	69.19856459
6	PHM4748.16	m0746	158417337	3.441	753	90.01196172
6	PZB01569.7	m0747	160623409	0.769	389	46.47129187
6	PHM4503.25	m0748	161012360	0.463	271	32.35645933
6	PZA00266.7	m0749	161454721	1.07	482	57.59569378
6	PZA01468.1	m0750	161548253	4.945	806	96.35167464
6	PHM7922.8	m0751	163017460	1.217	515	61.5430622
6	PZA00889.2	m0752	163099089	2.188	661	79.00717703
6	PZA00821.1	m0753	163835693	4.721	803	95.99282297
6	PZA02688.2	m0754	163983562	2.667	707	84.50956938
6	PZB01222.1	m0755	164321896	6.374	822	98.26555024
6	PZA02141.1	m0756	164891527	3.316	748	89.4138756
6	PZA00910.1	m0757	166592347	3.477	755	90.25119617
6	PZA01875.1	m0758	167034073	0.264	167	19.91626794
6	PHM4468.13	m0759	167412802	3.925	774	92.52392344
7	PZA01426.1	m0761	775637	3.772	768	91.8062201
7	PZA02035.5	m0762	2582718	5.881	819	97.90669856
7	PHM9241.13	m0763	5095621	5.226	813	97.18899522
7	PHM3078.12	m0764	6065421	4.422	792	94.67703349
7	PZA01909.1/2	m0765	6540265	1.737	612	73.14593301
7	PZA02872.1	m0766	13174365	0.922	437	52.21291866
7	PZA00256.27	m0767	17520294	0.281	181	21.59090909
7	PHM4080.15	m0768	20247641	0.624	343	40.96889952
7	PZA03344.2	m0770	22015062	0.184	119	14.17464115
7	PHM15501.9	m0771	30680938	0.272	176	20.99282297
7	PZA00132.17	m0772	31773777	0.041	25	2.93062201
7	PHM4353.31	m0773	34185670	0.05	33	3.887559809
7	PZA03687.1	m0774	38205647	0.198	122	14.53349282
7	PZA00084.2	m0775	41732007	0.004	2	0.179425837
7	PZA01607.1	m0782	79010068	0.034	22	2.571770335
7	PZA03645.1	m0787	84844392	0.096	65	7.715311005
7	PZA02291.1	m0788	85882473	0.044	29	3.409090909
7	PZA02018.1	m0790	97341181	0.03	17	1.973684211
7	PZA01113.1	m0791	98556917	0.101	69	8.193779904
7	PZA01933.3	m0792	103507523	0.154	101	12.0215311
7	PZA02236.1	m0793	106754355	0.508	292	34.86842105
7	PZA02365.7	m0794	127149079	1.469	567	67.76315789
7	PZA00616.13	m0795	128374374	0.403	249	29.72488038
7	PZA01690.7	m0796	128870878	0.626	346	41.3277512
7	PZA01946.7	m0797	129350989	1.203	509	60.82535885
7	PZA02352.1	m0799	130319590	1.301	540	64.53349282
7	PZA02643.1	m0800	134099896	0.511	294	35.1076555
7	PZB00752.1	m0803	135887220	0.507	291	34.74880383
7	PZA00740.3	m0806	139602620	0.763	384	45.87320574
7	PZA02449.13	m0808	140424792	0.848	415	49.58133971
7	PZA03728.1	m0810	142783202	2.116	652	77.93062201
7	PZA03166.1	m0811	143208018	1.49	571	68.24162679
7	PZA02854.13	m0812	143409735	0.697	367	43.83971292
7	PZA00405.7/6	m0814	144129993	0.945	446	53.28947368
7	PHM16437.20	m0815	148454268	0.253	158	18.83971292
7	PZA02722.1	m0816	148850405	0.997	461	55.08373206
7	PZA03176.4	m0817	157168710	1.881	626	74.82057416
7	PZA02386.2	m0820	160235246	2.073	647	77.33253589
7	PZA00795.1	m0821	165102982	2.499	691	82.59569378
7	PZA02373.1	m0822	167339364	2.933	726	86.78229665
7	PHM7898.10	m0823	167715525	3.184	740	88.4569378
7	PZA02223.2	m0824	167840680	1.823	621	74.22248804
7	PHM10225.15	m0825	167937995	1.919	629	75.17942584
7	PZA01533.2	m0826	168079207	4.712	802	95.87320574
7	PZA00505.6	m0827	168255169	2.895	724	86.5430622
7	PZA01802.3	m0828	168660135	1.839	623	74.46172249
7	PZA01414.1	m0829	169095061	1.494	572	68.36124402
7	PZA01028.2	m0830	170567749	2.25	668	79.84449761
7	PZA00386.4	m0831	170656288	4.513	794	94.91626794
7	PZA00695.3	m0832	171232753	1.379	551	65.8492823
7	PZA01278.2	m0834	171734222	4.346	789	94.31818182
7	PZA00424.1	m0836	174785900	0.764	386	46.11244019
7	PZA01044.1	m0837	175197945	1.1	487	58.1937799
8	PZA02388.1	m0839	169137	2.492	689	82.35645933
8	PZA02174.2	m0840	4176433	5.227	814	97.30861244
8	PZA01600.2	m0841	4281604	4.903	805	96.23205742
8	PZA01623.3	m0842	5161464	4.423	793	94.79665072
8	PZA00368.1	m0843	5678681	1.495	573	68.48086124
8	PZA00058.1	m0844	6023496	1.011	465	55.56220096
8	PHM4711.14	m0845	6705839	1.668	601	71.83014354
8	PZA00416.7	m0846	7981844	1.634	597	71.35167464
8	PZA01601.1	m0847	8288014	2.798	719	85.94497608
8	PZA01691.1	m0849	11504467	2.432	683	81.63875598
8	PHM9695.8	m0850	12285916	0.72	375	44.79665072
8	PZA01951.1	m0851	12563519	2.838	722	86.30382775
8	PZA01079.1	m0852	14068718	1.172	504	60.22727273
8	PZA02955.3	m0853	14778018	1.065	479	57.23684211
8	PZA01357.2	m0854	16745740	1.608	593	70.87320574
8	PZA02454.2	m0856	18215366	1.591	586	70.03588517
8	PHM1978.111	m0857	21824853	2.132	653	78.05023923
8	PHM6428.11	m0858	22392417	0.946	447	53.40909091
8	PZA00758.1	m0860	23769876	0.529	305	36.42344498
8	PHM2350.17	m0861	23959232	0.787	396	47.30861244
8	PZA01196.2	m0862	24721886	0.075	48	5.681818182
8	PZA00498.5	m0863	52299429	0.019	10	1.136363636
8	PZA00793.2	m0866	66143070	0.243	153	18.24162679
8	PZA00379.2	m0868	67381250	0.076	50	5.921052632
8	PHM11114.7	m0871	72628174	0.263	166	19.79665072
8	PZA01470.1	m0872	74531570	0.085	61	7.236842105
8	PZA01301.1	m0873	83436171	0.211	133	15.8492823
8	PZA02522.1	m0875	83920698	0.148	96	11.42344498
8	PZA02683.1	m0877	91993060	0.164	105	12.5
8	PHM3978.104	m0878	101178934	0.33	213	25.41866029
8	PZA03135.1	m0880	101775361	0.816	406	48.50478469
8	PZA02019.1	m0881	102108063	0.35	226	26.97368421
8	PHM4134.8	m0882	107552819	0.289	188	22.42822967
8	PZA01972.14	m0885	112677295	0.203	127	15.13157895
8	PZA02566.1	m0886	113659770	0.272	177	21.11244019
8	PZA03012.7	m0888	116625425	0.654	353	42.16507177
8	PHM934.19	m0889	118191641	0.412	252	30.08373206
8	PZA02748.3	m0890	118679265	0.515	296	35.34688995
8	PZA03638.1	m0891	119831079	0.434	258	30.80143541
8	PHM3993.28	m0894	120061120	0.586	322	38.4569378
8	PZB02155.1	m0895	124657056	0.613	339	40.49043062
8	PZA01038.1	m0896	125007237	0.173	114	13.57655502
8	PHM10525.9/11	m0897	126077617	0.071	47	5.562200957
8	PZA00118.1/5	m0898	127489769	0.244	155	18.48086124
8	PZA03612.2/1	m0899	129959508	0.339	218	26.01674641
8	PHM14152.18	m0903	132879659	0.362	233	27.81100478
8	PHM448.23	m0907	135827759	0.216	137	16.3277512
8	PZA00090.1	m0909	138794731	0.366	234	27.93062201
8	PZA02011.1	m0910	141599772	0.638	351	41.92583732
8	PZA00429.1	m0911	145842587	0.948	448	53.52870813
8	PZA03651.1	m0912	147726125	0.802	399	47.66746411
8	PHM4757.14	m0914	152754286	0.854	417	49.82057416
8	PZA03182.5	m0915	153464299	0.318	201	23.98325359
8	PZA00951.1	m0916	155973496	1	463	55.32296651
8	PHM12749.13	m0917	156372834	0.728	378	45.15550239
8	PHM15278.6	m0918	156724363	1.142	496	59.27033493
8	PZA03698.1	m0919	156907035	0.408	250	29.84449761
8	PZA01741.1	m0920	157375313	1.628	596	71.23205742
8	PZA00838.2	m0921	160240426	1.701	605	72.30861244
8	PHM3465.6	m0922	160769665	0.714	372	44.43779904
8	PZA00706.16	m0923	161188592	1.568	583	69.67703349
8	PZB00811.1	m0925	161839774	1.948	634	75.77751196
8	PZA00675.1	m0926	162756335	0.811	404	48.26555024
8	PHM1834.47	m0927	163742555	3.221	742	88.69617225
8	PZA02746.2	m0928	164376577	3.011	728	87.0215311
8	PZA00460.3/8	m0929	164859680	2.406	682	81.51913876
8	PZA00362.1	m0930	165234875	9.722	834	99.70095694
8	PZA00020.5	m0931	165411485	3.133	739	88.33732057
8	PZA01316.1	m0932	165681934	3.048	730	87.26076555
8	PHM4786.9	m0933	166079060	3.354	750	89.65311005
8	PZA00904.1	m0934	167092992	2.725	714	85.34688995
8	PZA01964.29	m0935	168277887	4.262	787	94.07894737
8	PHM14046.9	m0936	170807917	2.763	716	85.5861244
8	PZA00189.23	m0937	171302381	6.8	827	98.86363636
8	PHM14104.23	m0938	171893959	3.846	772	92.284689
8	PZA00760.1	m0939	172351442	3.974	777	92.88277512
8	PHM2749.10	m0940	172948568	4.031	779	93.12200957
8	PZA01290.1	m0941	173107403	2.173	658	78.64832536
9	PHM3925.79	m0945	4009899	2.701	711	84.98803828
9	PZA00285.3	m0946	8955852	1.581	584	69.79665072
9	PZA01799.1/2	m0947	9967573	2.809	721	86.18421053
9	PZA01195.3	m0950	11504584	3.19	741	88.57655502
9	PZA00466.1	m0951	12104064	1.239	522	62.38038278
9	PZA01386.3	m0952	12345938	1.937	631	75.41866029
9	PZA02344.1	m0953	13772771	1.561	582	69.55741627
9	PHM5181.10	m0954	15614737	2.63	704	84.1507177
9	PZA02702.1	m0955	16325791	2.53	697	83.31339713
9	PZA03416.7	m0956	17000218	1.187	507	60.5861244
9	PHM9374.5	m0957	17750933	1.358	549	65.61004785
9	PZA00860.1	m0958	18782106	3.123	737	88.09808612
9	PZA03058.22/21	m0959	19393794	1.6	589	70.39473684
9	zb7.2	m0960	21827012	0.936	443	52.93062201
9	PZB00540.3	m0963	23256647	2.218	664	79.36602871
9	PZB01110.6	m0968	24069231	0.615	340	40.61004785
9	PZA02648.2	m0969	25727342	0.591	328	39.17464115
9	PZB00959.1	m0970	28610271	0.079	52	6.160287081
9	PZA02878.13	m0973	37409502	0.018	6	0.657894737
9	PZA03469.1	m0974	42840082	0.027	15	1.734449761
9	PZB00014.1	m0976	46498601	0.019	9	1.016746411
9	PZA03057.3	m0977	76759828	0.047	31	3.648325359
9	PZA01791.2	m0979	81015267	0.031	18	2.093301435
9	PZB00761.1	m0980	86863679	0.169	109	12.9784689
9	PZA01861.1	m0981	88651842	0.173	113	13.4569378
9	PZA01062.1	m0982	90969667	0.084	59	6.997607656
9	PZA03596.1	m0984	93381704	0.295	189	22.54784689
9	PZA00947.1	m0985	99848290	0.247	157	18.72009569
9	PZB01899.1	m0987	101476999	0.398	247	29.48564593
9	PZA00225.8	m0988	107625055	0.467	274	32.715311
9	PZA00152.1	m0989	110657630	0.321	205	24.46172249
9	PZA00015.5	m0991	113420650	1.143	497	59.38995215
9	PZA03470.1	m0992	114072155	0.457	269	32.11722488
9	PZA03235.1	m0993	118454738	0.322	207	24.70095694
9	PZA02613.1	m0994	120363712	0.361	232	27.69138756
9	PZA02325.4	m0995	122199747	0.624	342	40.8492823
9	PZA01819.1	m0996	122826982	0.696	366	43.72009569
9	PZA00840.1	m0997	128457261	0.395	246	29.36602871
9	PZA00060.2	m0998	129011584	0.356	230	27.45215311
9	PZA00213.19	m0999	130918999	0.207	131	15.61004785
9	PHM3330.25	m1000	132886286	1.209	511	61.0645933
9	PZA02111.1	m1004	134641216	0.158	104	12.38038278
9	PZA03670.1	m1005	135267973	1.216	514	61.42344498
9	PZA02235.14	m1007	136515135	1.804	617	73.74401914
9	PZA01096.1	m1008	137848869	1.559	580	69.31818182
9	PHM1766.1	m1009	140774640	1.019	466	55.68181818
9	PZA02252.2	m1010	140970753	2.634	705	84.27033493
9	PZA01369.1	m1011	145347369	1.522	577	68.95933014
9	PHM816.29	m1012	146459179	2.641	706	84.38995215
9	PZB00221.3	m1014	146686210	3.129	738	88.21770335
9	PZA02197.1	m1016	146872957	1.44	560	66.92583732
9	PZA00323.3	m1017	146915036	2.007	641	76.61483254
9	PZA01715.1/2	m1019	147377849	2.955	727	86.90191388
9	PZA00511.3	m1020	147513462	2.257	671	80.20334928
9	PZA02381.1	m1021	149164320	3.06	732	87.5
9	PZA00912.2	m1022	149544521	2.571	702	83.91148325
9	PHM4303.16	m1023	150813145	4.542	796	95.15550239
9	PZA00832.1	m1024	151479332	7.185	830	99.22248804
9	PZA00708.3	m1026	151720455	3.787	770	92.04545455
9	PHM1911.173	m1027	152862048	0.699	369	44.07894737
9	PHM13681.12	m1028	153037306	5.05	808	96.59090909
10	PZA02221.20	m1031	2462408	3.455	754	90.13157895
10	PZA01313.2	m1032	4072690	5.046	807	96.47129187
10	PHM3631.47	m1033	4666194	6.8	828	98.98325359
10	PZA02095.10	m1034	5591691	6.086	821	98.14593301
10	PHM2828.83	m1035	6594058	1.514	576	68.83971292
10	PHM3765.7	m1036	8355333	0.765	387	46.23205742
10	PZA01883.2	m1037	9401386	2.51	692	82.715311
10	PZB01301.5	m1039	10196798	2.482	687	82.11722488
10	PHM15331.16	m1040	10882576	0.803	401	47.90669856
10	PZA00463.3	m1041	13493461	1.21	512	61.18421053
10	PZA01642.1	m1042	14645503	0.576	319	38.09808612
10	PZA02961.6	m1044	16212608	0.343	221	26.37559809
10	PHM3922.32	m1045	17678972	0.085	60	7.11722488
10	PZA00079.1	m1046	18859495	0.269	173	20.63397129
10	PZA02853.11	m1048	25976272	0.041	24	2.811004785
10	PZD00033.3	m1049	30868206	0.014	5	0.538277512
10	PZA03491.1	m1050	36249609	0.019	7	0.777511962
10	PZA01597.1	m1051	61794503	0.044	28	3.289473684
10	PZA01677.1	m1053	71053038	0.254	159	18.95933014
10	PZA01877.2	m1057	77678052	0.23	144	17.16507177
10	PZB00409.6	m1058	84096310	0.215	136	16.20813397
10	PZA00337.4	m1059	86424768	0.298	192	22.90669856
10	PHM12990.15	m1060	87084632	1.527	578	69.07894737
10	PZA00814.1	m1061	87270380	0.165	107	12.73923445
10	PZA01619.1	m1062	92133622	0.153	100	11.90191388
10	PZA00048.1	m1063	98715751	0.351	228	27.21291866
10	PZA00400.3	m1064	98999036	0.662	358	42.76315789
10	PZA02398.2	m1065	99603782	0.056	36	4.246411483
10	PHM12625.18	m1067	106794844	0.166	108	12.85885167
10	PZA01292.1	m1070	109804242	0.246	156	18.60047847
10	PZA01919.2	m1071	111430628	0.287	187	22.30861244
10	PZA02128.3	m1072	111779138	0.33	212	25.29904306
10	PZA01089.1	m1073	117566548	0.427	255	30.44258373
10	PZA02219.2	m1075	118506382	0.224	140	16.68660287
10	PZA01141.1	m1077	120824112	0.421	254	30.32296651
10	PZA03713.1	m1078	121752090	0.318	202	24.10287081
10	PZA03196.1	m1079	124327829	1.009	464	55.44258373
10	PZA00866.2	m1080	124526091	0.413	253	30.20334928
10	PZA01005.1	m1081	124873271	0.595	331	39.53349282
10	PZA00647.9	m1082	130080970	1.386	552	65.96889952
10	PZA01241.2	m1083	130823780	1.607	591	70.63397129
10	PZA02320.1	m1084	132620909	1.294	539	64.4138756
10	PZB01111.8	m1085	134413161	1.689	603	72.06937799
10	PZA01456.2	m1086	136296385	2.323	678	81.04066986
10	PHM18513.156	m1087	136941040	2.494	690	82.47607656
10	PHM15868.56	m1088	137499964	0.606	336	40.13157895
10	PZA02663.1	m1089	137995210	2.212	663	79.24641148
10	PZA01995.2	m1090	139978756	2.798	718	85.82535885
10	PZA03603.1	m1091	142193827	3.759	767	91.68660287
10	PZA00130.9	m1096	143674115	1.231	520	62.14114833
10	PZA02969.9	m1097	144061151	0.858	419	50.05980861
10	PZA02049.1	m1098	144469845	3.408	751	89.77272727
10	PZA00007.1	m1099	144616587	1.482	569	68.00239234
10	PHM5435.25	m1100	144683765	3.226	743	88.81578947
10	PZA01073.1	m1101	144982565	3.991	778	93.00239234
10	PZA02578.1	m1104	147014677	5.606	817	97.66746411
10	PZA00062.4	m1105	147460425	5.508	815	97.42822967
